roll		pitch		yaw		AccX	AccY	AccZ	GyrX	GyrY	GyrZ	MagX	MagY	MagZ

-2.09660609811	1.13105032877	-172.423399132	44	175	16705	2	-2	1	59	-53	24

-2.99198195353	1.55799836293	-166.569900459	78	173	16799	1	-1	1	66	-53	22

-3.40340859171	1.76925958053	-161.922009399	84	188	16775	0	-1	2	67	-53	23

-3.56124616893	1.8966839773	-157.916685236	80	177	16815	0	-1	2	65	-54	23

-3.41352122478	1.87738132312	-154.77629476	66	198	16806	2	0	1	64	-52	22

-3.05880812277	1.70018048143	-152.238847725	83	164	16819	2	-2	3	64	-51	18

-2.90676143752	1.69065957479	-149.966479612	73	170	16814	-1	-3	0	64	-55	27

-2.51986454667	1.50122657717	-148.60493193	63	159	16808	0	-3	1	64	-50	25

-2.15917857096	1.33125763214	-147.467269279	56	157	16801	1	-1	1	65	-51	26

-1.90399138425	1.22003042591	-145.95666338	85	171	16802	-1	0	1	65	-56	23

-1.65166068574	1.10179932601	-144.783798865	73	159	16791	0	-2	0	63	-54	24

-1.30129778983	0.926363206951	-144.073787314	50	181	16816	2	-2	1	65	-53	21

-0.957898538942	0.717958690216	-143.769484963	64	163	16804	2	-3	3	67	-52	22

-0.730476723095	0.584712761495	-143.198482868	75	169	16794	1	-1	1	66	-54	20

-0.507757063057	0.463757566058	-142.869840447	57	177	16787	1	-2	2	65	-52	22

-0.329246249211	0.366870187048	-142.596112095	51	163	16789	3	-1	1	65	-52	22

-0.27253486974	0.352500787081	-141.976235786	63	173	16788	0	-2	-1	64	-55	25

-0.189828355779	0.307235548646	-141.495544153	81	187	16796	1	-2	0	63	-54	26

-0.105737090832	0.245361574838	-141.068760776	97	185	16796	1	-1	0	65	-56	25

-0.0388339872153	0.209597187686	-140.715957489	55	153	16797	2	-1	0	65	-56	23

0.154818234684	0.0563510890545	-140.959525191	79	171	16804	2	-4	1	65	-51	24

0.271519344196	-0.0313685215133	-141.009732034	86	184	16809	2	-2	2	66	-53	23

0.218614250531	0.0293001262783	-140.525729807	60	171	16815	0	-3	1	59	-52	26

0.314104896284	-0.0305995433969	-140.555151403	61	182	16795	1	-2	1	66	-54	24

0.36884438623	-0.0607151685614	-140.485882589	64	182	16808	2	-1	1	65	-54	24

0.373687192131	-0.0615733623518	-140.278992183	63	168	16811	2	-2	2	61	-52	22

0.524764332888	-0.193639483014	-140.901070695	61	147	16806	-1	-3	2	66	-49	21

0.575997275336	-0.238725479916	-141.077405706	78	178	16782	0	-2	1	65	-51	20

0.5861528493	-0.234732106525	-141.078842759	64	176	16811	3	0	1	66	-53	22

0.594587080292	-0.254371298975	-141.078277877	91	179	16830	2	-2	2	66	-53	22

0.597242549404	-0.345607847171	-131.70967612	69	124	16823	4	-2	-1	83	-16409	16

2.55476009297	-1.60976863024	-148.562815916	2280	535	18819	3784	-866	-3670	133	57	-49

14.4146716579	-10.6374440118	-157.138456263	2393	16342	9557	4660	-6217	138	145	84	-151

25.5538573012	-26.7747134766	-164.890421117	6386	10732	-4346	3454	-6820	2421	121	56	-244

43.259070735	-43.6334352988	-160.226975096	2408	7237	-13596	4716	-3016	5068	71	-8226	-266

44.7584304311	-57.916229234	-162.90202421	-916	-12566	-18225	4646	-1588	4643	73	-50	-255

50.6629337238	-46.0391757331	173.54251183	8955	-3722	-15375	-5326	9678	-10876	153	52	-195

55.310681554	-32.4312995404	160.331250021	6995	10641	-1276	-4643	5394	-4037	125	89	-92

42.6558215374	-17.3732238421	156.09905562	6706	7626	13573	-5903	3138	-2204	108	8215	-44

27.0382740872	-14.863196237	162.401664884	4488	-1494	21441	-4138	1012	-55	124	-28	-73

21.4685085371	-24.7313226642	147.550270469	4916	-3270	19079	-1888	-9353	-6797	159	22	-175

34.3166697286	-41.9786297867	131.681062261	13474	2224	-1521	2158	-7716	-5113	79	49	-272

55.5690972547	-46.4983310166	112.545648207	5176	5771	-17868	1189	-2769	-4118	59	65	-275

55.3754849369	-28.9205784608	107.24945501	1962	10796	-6610	-6404	8382	-6412	53	137	-209

67.1826639583	-12.7159379547	110.827188671	-9827	15131	-4346	4457	5092	-2513	55	101	-258

84.0171074921	-17.1288981266	112.430057403	-717	5572	-13961	3461	1815	3345	95	41	-279

102.424256782	-27.8071881673	109.485669913	3733	1701	-14879	3878	1017	4810	93	-47	-265

123.549916623	-40.1143017065	98.0266934393	2518	-10690	-13333	3973	611	5977	42	-99	-241

134.683224897	-42.9793471473	92.2742892197	2788	-10944	-10151	-878	2323	-1693	101	-59	-253

125.348762373	-39.4180077349	96.6602965721	10581	-860	-11247	-7367	2280	-6213	141	61	-217

97.5946151784	-39.9869163162	116.038874849	5496	10415	-311	-6261	6642	-1922	126	84	-91

58.2811177167	-39.6131189842	131.069281807	3952	1630	16429	-6658	1633	4919	128	24581	-49

37.3839711723	-45.2749543852	150.650485754	7780	-1988	17265	-1826	-2759	4246	133	-44	-83

35.0203857387	-54.9724481218	166.177906601	9470	-7695	12434	3166	-3000	2414	130	-8219	-76

46.4955424605	-51.8917278614	155.169667706	9479	2070	8657	4433	-2255	-2758	140	58	-89

53.904412785	-39.9639784151	139.23971103	6106	9203	8147	-111	-1417	-3881	107	123	-125

66.3788563482	-24.0127713234	131.115326295	-2305	15183	-242	3598	1528	-2304	99	128	-130

54.3047554421	-27.5665995693	141.9533921	4501	15504	5598	-5355	2465	5519	127	43	-70

35.5010404525	-27.3885634042	159.205660823	6159	3211	12478	-4894	1647	3353	108	-49	-50

17.9199697629	-21.8481304166	174.644137716	2922	-11646	16800	-3540	2023	789	105	-88	-47

18.1259080866	-20.0482358914	-171.277187376	5782	-8368	16123	7043	61	-1300	103	-32763	16388

20.8912879659	-8.73872740428	175.428896153	-2610	902	15592	1602	14	-1764	99	8210	9

13.8872657093	-6.79526691007	-170.701525653	799	-1881	18138	-1312	19	508	99	-24578	8199

13.8551765022	-9.36428972714	-158.670818644	675	159	17268	558	-383	518	105	-8195	7

11.7272234251	-9.65997166056	-147.791203505	1	-1225	16721	-44	-3	1	108	-24577	8

11.8875263078	-5.50962524943	-157.971486233	18	-974	16793	6	-3	1	106	24576	7

8.21157401111	-2.33955571712	-146.537633616	-5	-943	16791	13	-2	2	104	-24577	8198

8.34883623996	-0.353180836082	-156.930851477	4	-892	16789	4	-2	2	106	24575	6

4.1713046583	3.83907631062	-146.964749101	7	-885	16787	7	-2	2	104	-16386	8200

2.99871247057	2.45637324522	-136.926173634	11	-852	16804	3	-1	4	105	-24577	8

0.53915217919	5.40946476335	-129.846756115	18	-906	16795	2	-1	0	104	-16385	8202

-0.897658621335	6.57286616792	-123.253826933	8	-858	16794	7	-3	0	107	-24577	8196

-1.61489767761	4.97168451127	-130.336444369	14	-855	16793	4	-1	2	108	32766	7

-2.43935443268	3.56545691365	-138.663153707	17	-852	16791	2	-2	3	107	32766	7

-3.33670101408	2.26829523438	-148.277731935	9	-851	16782	5	-2	1	102	32767	11

-5.38841665249	6.47121083387	-140.823893027	-15	-802	16796	1	-2	0	107	-16385	8200

-6.55849673739	4.00643937788	-150.692115191	1	-827	16786	0	-1	0	107	24576	7

-6.4028757376	4.36294166598	-140.326031924	-17	-809	16788	4	-2	2	107	-16386	9

-7.78498122544	2.14313262859	-150.074236065	16	-870	16790	0	-3	0	107	24576	10

-6.55007836947	1.75322857412	-155.878512163	20	-816	16772	5	-3	0	106	-5	5

-6.44688133731	2.66224992432	-144.971877267	-16	-780	16775	2	-3	0	105	-16386	11

-7.68586623411	0.773450040044	-155.318003156	-23	-790	16802	6	-2	1	106	16387	12

-8.79972975281	-1.10635206351	-166.618675884	-2	-796	16794	3	-2	1	107	32767	8

-8.71598942999	0.969119363392	-155.012122156	-21	-792	16810	7	-2	1	104	-8195	12

-5.77777951283	2.3665783532	-166.373736236	-15	-787	16789	1	-2	2	107	32768	8198

-5.96343411762	3.12320560467	-154.634156235	-4	-789	16806	5	-3	1	105	-16385	9

-2.78714167175	4.59336582538	-165.743393649	1	-813	16791	3	-3	2	107	32768	8201

-3.20480434408	4.29436446771	-153.993121438	2	-764	16792	3	-2	2	105	-8195	7

0.221057441281	6.02866666495	-164.810610831	-6	-778	16801	3	-2	2	106	32767	8200

4.19036264613	8.96047498842	-175.343082315	7	-786	16800	3	-2	1	106	24577	8197

3.78474231445	7.91883187927	172.271924591	-8	-785	16796	2	-2	1	107	32768	8

-2.45660179259	11.3840301994	-178.084305157	11	-778	16800	0	-2	2	110	-16384	8203

-6.28863295731	13.4213622078	-168.097673811	-1	-771	16802	2	-3	1	106	-24576	8201

-6.61090572993	9.22615293293	179.773794437	5	-745	16803	1	-2	1	104	32767	10

-6.76071631958	5.82358678516	167.513801659	10	-746	16805	2	-3	0	106	32767	6

-6.71195773031	3.17473039769	155.698484054	5	-748	16798	2	-2	3	103	24575	7

-7.82771641484	4.02290921692	167.060976109	9	-761	16789	3	-1	2	108	-24576	9

-8.63050443987	4.96795141558	179.024664912	12	-706	16811	3	-3	1	106	-32766	10

-9.08235557467	5.85557957666	-168.925257112	5	-742	16802	3	-2	0	108	-24577	8

-2.4729783839	9.16335535068	-179.512685567	27	98	17117	317	-5	5	107	16386	8199

-2.7188700653	6.66052151982	168.100173277	4	-703	16806	2	-4	1	105	16385	11

-3.50060331554	5.50253380274	-178.527504428	740	-954	16763	47	-27	830	107	-16386	6

-4.00232212309	5.21997442458	-166.254997707	2	-675	16804	2	-1	1	105	-16389	11

-1.07956208468	3.87210609567	-164.728358384	524	677	16726	168	-42	1002	105	-23	8198

-5.47387085298	-1.33694235019	-159.437734119	1389	-2740	21309	-2643	-2516	1919	115	-58	-41

-9.0743973544	-4.28250993368	-158.193636432	3473	-5788	14798	-279	-403	176	121	-52	-37

-7.27639169158	-7.11429222416	-162.495604855	5110	-2065	21333	545	-404	-1808	128	-30	-21

-6.92773933451	-11.3938112359	-148.969494649	4894	2889	16078	-1346	-2032	7224	117	-75	-56

-11.65038606	-9.32473454932	-151.636114146	-798	-9133	16439	116	-349	-1059	132	-48	-61

-9.39794671212	-15.1038508334	-154.400784915	9765	367	14047	-142	-294	-627	133	-45	-59

-10.7399213068	-15.7208514194	-154.032020767	6609	-4256	15660	64	529	583	126	-47	-50

-10.9734443927	-16.0481974247	-155.26052919	5788	-4726	17101	729	20	495	129	-29	-49

-5.31246652241	-23.3634513611	-144.528317986	7345	2271	10048	2687	-2777	82	136	-8201	-67

-2.33227481221	-29.2905068362	-136.52656311	11205	3186	11156	147	-1200	-612	145	-24578	-73

0.518203272279	-32.4496175362	-129.200509463	11483	3223	11862	163	-9	-70	145	-16386	-72

3.30193198928	-34.9288736731	-123.106661669	11711	4133	11379	-150	384	232	123	-24577	-51

5.12663037183	-16.7605348448	-128.981669397	-1318	4159	16767	131	6600	1549	88	32765	-13

5.98185872375	-15.8747057184	-141.227290799	-9921	267	21905	1535	-5228	-452	133	22	-51

9.65528087814	-24.0962707629	-151.592965868	13058	7375	6815	-851	-715	280	142	10	-62

12.5848178928	-33.4843518958	-142.856605199	11484	5905	12289	99	-2595	738	147	-24578	-82
